# structure of the file is as follows
# 8 comment lines
# number of rotation phases, number of profile points
# array of velocity points
# for each rotational phase
#   value of rotational phase, uncertainty for Stokes V profile
#   I profile
#   V profile
 49 18
 -22.000 -19.400 -16.800 -14.200 -11.600  -9.000  -6.400  -3.800  -1.200   1.400   4.000   6.600   9.200  11.800  14.400  17.000  19.600  22.200
0.00958  4.7854955E-05
  9.9965900E-01  9.9800403E-01  9.9441326E-01  9.8589771E-01  9.7147444E-01  9.5206622E-01  9.2966903E-01  9.1009029E-01  9.0001005E-01  9.0109330E-01  9.1713141E-01  9.3832499E-01  9.6098297E-01  9.7898698E-01  9.9103312E-01  9.9649952E-01  9.9914746E-01  1.0003912E+00
  1.5594785E-05  3.6749249E-05  2.4208626E-04  4.2697092E-04  5.9442328E-04  7.8720162E-04  6.7769309E-04  4.3959881E-04 -7.8316953E-05 -6.3749249E-04 -6.1970914E-04 -5.8798396E-04 -3.8770312E-04 -2.8401204E-04 -2.4736209E-04 -1.6838516E-04 -5.3162489E-06  6.7206621E-05
0.05815  5.0579016E-05
  9.9955870E-01  9.9801406E-01  9.9456371E-01  9.8595789E-01  9.7178538E-01  9.5165498E-01  9.2928788E-01  9.0963894E-01  8.9995990E-01  9.0126381E-01  9.1755268E-01  9.3850554E-01  9.6107324E-01  9.7893683E-01  9.9107324E-01  9.9676030E-01  9.9933804E-01  1.0002508E+00
 -1.5626881E-05  7.4479440E-06  2.9895688E-05  2.8280843E-04  5.2067203E-04  7.7865598E-04  9.5256772E-04  7.8338016E-04  3.1161485E-04 -4.5193582E-04 -7.5746240E-04 -7.8002008E-04 -4.8207624E-04 -4.3086260E-04 -3.0504514E-04 -2.8923772E-04 -9.5618859E-05  6.8824475E-05
0.13184  4.2298619E-05
  9.9954867E-01  9.9793382E-01  9.9453362E-01  9.8597795E-01  9.7131396E-01  9.5115348E-01  9.2742229E-01  9.0918758E-01  8.9784355E-01  9.0194586E-01  9.1723171E-01  9.3951858E-01  9.6103312E-01  9.7940825E-01  9.9056171E-01  9.9663994E-01  9.9918758E-01  9.9996993E-01
 -2.7874624E-05 -8.9547645E-05 -7.4203612E-05 -1.0917753E-04  1.2654965E-04  5.3349048E-04  9.4975930E-04  1.2303912E-03  7.9981948E-04 -7.7469410E-05 -9.1483452E-04 -1.0798395E-03 -6.9686060E-04 -3.1241726E-04 -1.6553661E-04 -7.2995990E-05 -3.3637914E-05 -4.0255768E-06
0.15607  5.2594618E-05
  9.9867605E-01  9.9758277E-01  9.9327986E-01  9.8553663E-01  9.7110333E-01  9.5030092E-01  9.2761286E-01  9.0800403E-01  8.9755268E-01  9.0122369E-01  9.1693081E-01  9.3865599E-01  9.6121366E-01  9.7835509E-01  9.8993984E-01  9.9581747E-01  9.9837515E-01  9.9907725E-01
 -1.8207623E-05 -2.9900703E-05 -1.0372117E-04 -1.5291876E-04  1.0936811E-05  4.2019058E-04  1.0018656E-03  1.3137413E-03  1.0614845E-03  6.8263793E-05 -8.4260784E-04 -1.2303912E-03 -7.7698096E-04 -3.2229690E-04 -1.2707122E-04 -1.2769308E-05 -6.8098296E-05 -1.0584754E-04
0.16243  5.2328988E-05
  9.9920764E-01  9.9771316E-01  9.9438317E-01  9.8601807E-01  9.7193583E-01  9.5094285E-01  9.2857575E-01  9.0785358E-01  8.9815448E-01  9.0099300E-01  9.1666000E-01  9.3936812E-01  9.6084255E-01  9.7897695E-01  9.9015047E-01  9.9616853E-01  9.9909731E-01  9.9955870E-01
 -3.9160482E-06 -1.6667001E-04 -2.1231696E-04 -1.2382147E-04  4.8133401E-06  3.7989971E-04  8.7516551E-04  1.1959880E-03  1.0668004E-03  1.5847543E-04 -8.6109330E-04 -1.0820462E-03 -7.8306922E-04 -3.7322970E-04 -9.7345037E-05  2.6808426E-05  1.1849549E-06 -3.1086259E-05
0.17931  4.6791487E-05
  9.9943834E-01  9.9804415E-01  9.9420263E-01  9.8613844E-01  9.7180544E-01  9.5038116E-01  9.2835508E-01  9.0765298E-01  8.9774325E-01  9.0163492E-01  9.1668006E-01  9.3981948E-01  9.6179541E-01  9.7933803E-01  9.9060183E-01  9.9652961E-01  9.9918758E-01  9.9977936E-01
 -8.3395187E-05 -1.3305918E-04 -1.5843531E-04 -1.6823471E-04 -8.4109330E-05  2.9491475E-04  8.0401205E-04  1.2744233E-03  1.1363090E-03  2.8831495E-04 -6.4664996E-04 -1.1015045E-03 -8.5071215E-04 -3.6747242E-04 -6.9427283E-05 -4.9353060E-05 -3.0494484E-05  1.9656971E-05
0.18814  6.1173856E-05
  9.9867605E-01  9.9706120E-01  9.9372118E-01  9.8573723E-01  9.7145438E-01  9.5081246E-01  9.2754265E-01  9.0808427E-01  8.9681045E-01  9.0092279E-01  9.1628889E-01  9.3884656E-01  9.6112339E-01  9.7814445E-01  9.9015047E-01  9.9572720E-01  9.9822470E-01  9.9941828E-01
 -1.3820462E-04 -1.0305918E-04 -1.4847543E-04 -1.9744233E-04 -3.9626881E-05  2.9868606E-04  8.6903713E-04  1.2645938E-03  1.1226680E-03  2.4399198E-04 -7.2839520E-04 -1.1425276E-03 -8.9930794E-04 -3.7530593E-04  7.2490473E-05 -5.6430292E-06 -9.1932800E-05  1.7608827E-05
0.20368  4.4493147E-05
  9.9952861E-01  9.9787364E-01  9.9400203E-01  9.8587765E-01  9.7191577E-01  9.5077234E-01  9.2829490E-01  9.0779340E-01  8.9769310E-01  9.0158477E-01  9.1637916E-01  9.4025077E-01  9.6173523E-01  9.7945840E-01  9.9053162E-01  9.9654967E-01  9.9873623E-01  9.9975930E-01
 -3.8338015E-05 -7.6773322E-05 -1.2215647E-04 -3.0370111E-04 -8.6819460E-05  1.4901705E-04  7.0615849E-04  1.2399198E-03  1.2599800E-03  3.4855567E-04 -5.6825478E-04 -1.1111334E-03 -8.5898698E-04 -4.7328988E-04 -1.4275828E-04  1.0944835E-05  3.0281846E-05  1.0499499E-05
0.21241  9.2719940E-05
  9.9854566E-01  9.9737214E-01  9.9357073E-01  9.8592780E-01  9.7118357E-01  9.5145438E-01  9.2754265E-01  9.0824475E-01  8.9655970E-01  9.0089270E-01  9.1625880E-01  9.3880644E-01  9.6147444E-01  9.7841527E-01  9.9001005E-01  9.9590774E-01  9.9789370E-01  9.9932800E-01
 -7.7501506E-05 -2.0388165E-04 -2.0120362E-04  3.8106320E-05 -3.0319961E-05  4.6230693E-05  6.3532599E-04  1.1426279E-03  1.1934805E-03  4.1959881E-04 -4.5745237E-04 -9.6157474E-04 -9.6155468E-04 -3.7171515E-04  4.5034103E-05 -4.5048145E-05 -8.8738217E-06  2.9530592E-05
0.22549  4.9590941E-05
  9.9938819E-01  9.9825479E-01  9.9431296E-01  9.8604817E-01  9.7217655E-01  9.5088267E-01  9.2832499E-01  9.0830493E-01  8.9754265E-01  9.0129390E-01  9.1730193E-01  9.3966903E-01  9.6248748E-01  9.7967906E-01  9.9090273E-01  9.9656973E-01  9.9907725E-01  9.9983954E-01
 -3.4693080E-05 -5.4893682E-05 -1.2357071E-04 -1.8392177E-04 -8.8512539E-05 -1.3325978E-06  4.9484454E-04  1.0422267E-03  1.1989970E-03  5.2437313E-04 -3.4906721E-04 -9.5231697E-04 -7.5983953E-04 -4.9790372E-04 -1.3348044E-04  5.1090272E-05 -2.8016049E-05  8.2970914E-06
0.23706  4.4955033E-05
  9.9870614E-01  9.9761286E-01  9.9390173E-01  9.8625880E-01  9.7158477E-01  9.5140423E-01  9.2781346E-01  9.0799400E-01  8.9744235E-01  9.0035107E-01  9.1687063E-01  9.3909731E-01  9.6190574E-01  9.7924776E-01  9.9022068E-01  9.9643934E-01  9.9855569E-01  9.9943834E-01
 -2.9745236E-05 -1.0249749E-05 -1.0036109E-04 -2.0930793E-04 -1.0540622E-04  9.8319962E-05  3.4726179E-04  9.6144435E-04  1.0879639E-03  5.9726180E-04 -3.1012037E-04 -8.1924776E-04 -7.5506521E-04 -4.6339018E-04 -1.4381144E-04  7.6582750E-05  4.0940823E-05  1.0589770E-05
0.26118  5.5734092E-05
  9.9893683E-01  9.9740223E-01  9.9429290E-01  9.8615850E-01  9.7238718E-01  9.5144435E-01  9.2874626E-01  9.0780343E-01  8.9754265E-01  8.9985960E-01  9.1647946E-01  9.3884656E-01  9.6129390E-01  9.7928788E-01  9.9016050E-01  9.9585759E-01  9.9878638E-01  9.9915749E-01
 -6.9401205E-05 -7.9883653E-05 -7.7285859E-05 -1.5313942E-04 -2.3221665E-04 -5.9310934E-05  2.4041124E-04  7.9923773E-04  1.1249749E-03  6.3323973E-04 -3.1575728E-05 -5.4420262E-04 -7.2757273E-04 -5.3933803E-04 -2.3001003E-04 -1.0876630E-04  3.9972920E-05  3.6703110E-05
0.30988  1.1870891E-04
  9.9886662E-01  9.9740223E-01  9.9419260E-01  9.8648949E-01  9.7223673E-01  9.5114345E-01  9.2816451E-01  9.0797394E-01  8.9681045E-01  9.0095288E-01  9.1614846E-01  9.3938818E-01  9.6182550E-01  9.7940825E-01  9.9081246E-01  9.9597795E-01  9.9867605E-01  9.9929791E-01
 -1.2087262E-04  7.2402208E-05 -4.4624876E-04 -5.2337012E-05 -3.2958877E-04  8.4465398E-05  1.0479439E-04  6.9396190E-04  9.8823472E-04  7.7415247E-04  2.8532598E-04 -2.3830492E-04 -5.6028085E-04 -3.4366099E-04 -3.0965898E-04 -2.4467403E-04 -2.1308927E-04  9.9380143E-05
0.33438  6.7293326E-05
  9.9892680E-01  9.9761286E-01  9.9443332E-01  9.8687063E-01  9.7261787E-01  9.5134405E-01  9.2809430E-01  9.0790373E-01  8.9669009E-01  9.0112339E-01  9.1643934E-01  9.3972921E-01  9.6207625E-01  9.7948849E-01  9.9100303E-01  9.9621868E-01  9.9847545E-01  9.9962891E-01
 -1.0300903E-04 -5.4893682E-05 -2.4300903E-04 -3.0472418E-04 -1.7273822E-04 -1.0714143E-04  9.5813442E-05  6.1974926E-04  9.5449350E-04  7.7777334E-04  2.7907724E-04 -5.8795387E-05 -3.3823471E-04 -4.5797393E-04 -2.5717152E-04 -1.2040121E-04 -1.0591776E-04 -8.8347043E-06
0.35645  5.4409173E-05
  9.9932800E-01  9.9822470E-01  9.9498498E-01  9.8760283E-01  9.7320965E-01  9.5252760E-01  9.2845539E-01  9.0845539E-01  8.9664997E-01  9.0052158E-01  9.1678036E-01  9.3961888E-01  9.6214646E-01  9.7942831E-01  9.9122369E-01  9.9649952E-01  9.9870614E-01  9.9956873E-01
  7.1579741E-06  3.1771315E-05 -1.7299900E-04 -3.5264795E-04 -3.8177533E-04 -2.3846540E-04  7.0667002E-05  4.7039118E-04  8.8969912E-04  8.9059179E-04  3.8752258E-04 -2.4573722E-05 -3.8452358E-04 -3.7219660E-04 -3.6519559E-04 -1.8344032E-04 -6.0043131E-05 -1.5922769E-04
0.43098  5.6332387E-05
  1.0001505E+00  9.9892680E-01  9.9554666E-01  9.8814445E-01  9.7362088E-01  9.5277836E-01  9.2860584E-01  9.0700102E-01  8.9654967E-01  8.9997996E-01  9.1819460E-01  9.4148447E-01  9.6457374E-01  9.8158477E-01  9.9281848E-01  9.9792379E-01  1.0005216E+00  1.0008425E+00
  7.5963893E-05  1.2714143E-05  4.8423271E-06 -3.9661987E-05 -4.4717152E-04 -5.8438316E-04 -4.7471415E-04 -1.8487463E-05  4.7954866E-04  7.9273823E-04  7.5673021E-04  3.0044133E-04 -1.2492478E-04 -9.8745238E-05 -1.8102307E-04 -6.3418256E-05  1.3503511E-05 -2.7006019E-05
0.45608  4.1242172E-05
  1.0004514E+00  9.9928788E-01  9.9596792E-01  9.8842530E-01  9.7485458E-01  9.5313944E-01  9.2939821E-01  9.0698096E-01  8.9692078E-01  9.0012038E-01  9.1795388E-01  9.4127384E-01  9.6459380E-01  9.8177535E-01  9.9265799E-01  9.9812439E-01  1.0002608E+00  1.0013942E+00
  9.8618859E-06 -3.2958877E-05  5.7726180E-05  5.8704114E-05 -3.7059178E-04 -7.0769309E-04 -5.9247744E-04 -2.1022067E-04  3.1778336E-04  7.1894686E-04  7.9051155E-04  3.9683050E-04 -4.7049148E-06 -1.0461384E-04 -9.2453362E-05 -6.7699099E-05 -1.4044133E-05 -2.2919760E-05
0.47634  4.9814054E-05
  9.9900704E-01  9.9767304E-01  9.9445338E-01  9.8716151E-01  9.7327986E-01  9.5213643E-01  9.2914746E-01  9.0653964E-01  8.9608828E-01  8.9967906E-01  9.1682048E-01  9.4053161E-01  9.6340022E-01  9.8062189E-01  9.9154465E-01  9.9633904E-01  9.9896692E-01  9.9943834E-01
 -2.6284855E-05  8.8482449E-05  1.9798396E-04  7.6114345E-05 -1.8216650E-04 -5.7167504E-04 -7.3638918E-04 -4.5667002E-04 -8.1709129E-06  5.7756270E-04  8.2483452E-04  6.3010031E-04  1.0138415E-04 -1.9336008E-04 -7.2575729E-05  3.3689068E-06 -1.7185557E-05  5.5605819E-05
0.50011  3.8569264E-05
  9.9910734E-01  9.9780343E-01  9.9454365E-01  9.8688066E-01  9.7316953E-01  9.5303914E-01  9.2863593E-01  9.0730192E-01  8.9618858E-01  8.9921767E-01  9.1660985E-01  9.4116351E-01  9.6312941E-01  9.8149450E-01  9.9130393E-01  9.9694084E-01  9.9899701E-01  9.9966903E-01
  7.6315949E-05  1.3844534E-04  2.1877633E-04  2.4635908E-04 -7.8930794E-05 -5.3949851E-04 -8.9498497E-04 -8.2306922E-04 -3.4256771E-04  3.1856570E-04  8.0424275E-04  7.4061185E-04  3.1460382E-04 -3.9291876E-05 -7.5081245E-05 -9.2352058E-05 -4.8941827E-05 -2.2808426E-05
0.51503  5.2048926E-05
  1.0001204E+00  9.9912740E-01  9.9569711E-01  9.8786361E-01  9.7468407E-01  9.5439320E-01  9.3059179E-01  9.0925779E-01  8.9811436E-01  9.0094285E-01  9.1735208E-01  9.4193583E-01  9.6463392E-01  9.8229691E-01  9.9268809E-01  9.9827485E-01  1.0003410E+00  1.0009428E+00
  7.9907725E-05  6.8113341E-05  2.7111335E-04  3.4344033E-04  4.8992980E-05 -4.5628888E-04 -8.9496491E-04 -8.8431296E-04 -5.3018055E-04  2.0716149E-04  7.6681045E-04  7.6621867E-04  4.4940823E-04  6.2674023E-05 -1.5497493E-05 -5.5904715E-05  1.1957874E-05  1.3085256E-04
0.52460  3.6530983E-05
  9.9935810E-01  9.9798397E-01  9.9435308E-01  9.8697093E-01  9.7330995E-01  9.5302911E-01  9.2917755E-01  9.0844536E-01  8.9566702E-01  8.9902710E-01  9.1687063E-01  9.3994987E-01  9.6418257E-01  9.8099300E-01  9.9200604E-01  9.9703111E-01  9.9919761E-01  9.9987966E-01
  1.0524574E-04  1.1136409E-04  2.7900703E-04  3.3176530E-04  7.8824475E-05 -3.7621866E-04 -8.3467404E-04 -8.8363091E-04 -5.4469409E-04  5.7509530E-05  6.3508527E-04  7.9018056E-04  4.1285858E-04  8.8249751E-05 -8.0725177E-05  1.7863591E-05  3.6436310E-06  2.6121365E-05
0.53934  4.7146233E-05
  1.0003286E+00  9.9874495E-01  9.9576719E-01  9.8774071E-01  9.7439080E-01  9.5424391E-01  9.3104335E-01  9.0936498E-01  8.9847074E-01  9.0095764E-01  9.1745238E-01  9.4118439E-01  9.6528334E-01  9.8216535E-01  9.9310743E-01  9.9818341E-01  1.0003404E+00  1.0009719E+00
  4.1226075E-05  1.1130317E-04  2.3150396E-04  3.5181495E-04  2.7429213E-04 -2.7073248E-04 -8.2758333E-04 -1.0105721E-03 -7.4575213E-04 -2.1548544E-04  5.1224733E-04  7.9195391E-04  5.6934022E-04  8.6161673E-05 -3.0021628E-05  3.2064284E-05 -7.0161126E-06  3.5386843E-05
0.55085  4.1564918E-05
  9.9901707E-01  9.9766301E-01  9.9429290E-01  9.8664997E-01  9.7269811E-01  9.5359079E-01  9.2961888E-01  9.0833502E-01  8.9633904E-01  8.9933803E-01  9.1546642E-01  9.4054164E-01  9.6310935E-01  9.8167505E-01  9.9169511E-01  9.9700102E-01  9.9923773E-01  9.9966903E-01
  9.4235709E-06  1.0260783E-04  2.4605818E-04  3.9191576E-04  2.4168506E-04 -1.6112337E-04 -7.2078236E-04 -9.1884656E-04 -8.2892680E-04 -2.7623872E-04  4.4585758E-04  7.2295889E-04  4.3052157E-04  1.3340020E-04  2.2631896E-05  4.2719158E-05  4.7485457E-06  1.6798396E-05
0.57260  3.5904492E-05
  9.9895689E-01  9.9761286E-01  9.9402209E-01  9.8630895E-01  9.7237715E-01  9.5382148E-01  9.2952861E-01  9.0920764E-01  8.9653964E-01  8.9896692E-01  9.1503512E-01  9.3977936E-01  9.6290875E-01  9.8147444E-01  9.9152459E-01  9.9711135E-01  9.9901707E-01  9.9965900E-01
  4.1326982E-05  8.0129390E-05  2.4059178E-04  4.0331997E-04  3.4664996E-04 -3.1842528E-05 -4.6600803E-04 -8.3979942E-04 -8.8038116E-04 -4.8140422E-04  1.8358075E-04  6.4135408E-04  5.1667002E-04  2.1647944E-04  8.0357073E-05 -6.0538617E-06  8.2074224E-05  3.5498496E-05
0.58817  4.6379138E-05
  1.0002107E+00  9.9917755E-01  9.9493483E-01  9.8772319E-01  9.7338016E-01  9.5441326E-01  9.3094285E-01  9.1077234E-01  8.9818457E-01  9.0071216E-01  9.1629892E-01  9.4070213E-01  9.6410233E-01  9.8265799E-01  9.9286863E-01  9.9849551E-01  1.0001003E+00  1.0011836E+00
  7.0249751E-05  1.0155467E-04  1.9977934E-04  3.6657975E-04  3.6202609E-04  1.2507523E-04 -4.2229690E-04 -7.6378136E-04 -8.4250754E-04 -5.6020061E-04 -4.4901706E-05  4.6185558E-04  5.3428286E-04  2.3344033E-04  7.9534605E-05  7.4246742E-05 -1.3228686E-06  9.8887665E-06
0.59722  3.5058342E-05
  9.9905719E-01  9.9807424E-01  9.9385158E-01  9.8650955E-01  9.7238718E-01  9.5330995E-01  9.3066201E-01  9.0950854E-01  8.9666000E-01  8.9952860E-01  9.1478437E-01  9.3971918E-01  9.6279842E-01  9.8142429E-01  9.9211637E-01  9.9736211E-01  9.9945840E-01  1.0001705E+00
  5.8088266E-07  8.5678036E-05  2.0194584E-04  3.6401204E-04  3.5134404E-04  1.9732197E-04 -2.5803411E-04 -6.7386160E-04 -7.9780343E-04 -5.5764294E-04 -9.1577735E-05  4.3164494E-04  4.3142428E-04  2.5817453E-04  9.7012038E-05  6.9641927E-06  2.9610833E-05 -8.3552660E-06
0.61257  3.3183440E-05
  1.0002107E+00  9.9918758E-01  9.9482449E-01  9.8749250E-01  9.7310935E-01  9.5421266E-01  9.3091276E-01  9.1139420E-01  8.9859581E-01  9.0104315E-01  9.1640925E-01  9.4059180E-01  9.6412239E-01  9.8274827E-01  9.9317956E-01  9.9862590E-01  1.0003711E+00  1.0013942E+00
  3.8547644E-05  1.1689067E-04  1.6483451E-04  3.2016049E-04  3.5232699E-04  1.1073220E-04 -1.4201605E-04 -5.0127383E-04 -6.1910733E-04 -5.5549650E-04 -2.1590773E-04  2.2016049E-04  4.5967905E-04  2.0013040E-04  6.8605819E-05 -2.4710131E-05 -3.3857573E-05  3.7330994E-05
0.62131  3.8150786E-05
  9.9887665E-01  9.9788367E-01  9.9371115E-01  9.8601807E-01  9.7198598E-01  9.5326983E-01  9.2976933E-01  9.0987966E-01  8.9738217E-01  8.9858578E-01  9.1534606E-01  9.3863593E-01  9.6290875E-01  9.8100303E-01  9.9171517E-01  9.9741226E-01  9.9912740E-01  9.9994987E-01
  2.0626881E-05  4.8747243E-06  1.9349048E-04  2.8673020E-04  3.3489469E-04  1.1608827E-04 -1.4961886E-04 -3.5743230E-04 -5.1310934E-04 -5.5703111E-04 -1.7344032E-04  1.8081244E-04  3.7203612E-04  2.5333000E-04  2.6336009E-05 -1.0749248E-05 -7.8890674E-06  6.5767303E-06
0.63687  3.7543855E-05
  1.0000000E+00  9.9886662E-01  9.9447344E-01  9.8720163E-01  9.7265799E-01  9.5384154E-01  9.3078237E-01  9.1140423E-01  8.9894686E-01  9.0133402E-01  9.1631898E-01  9.3977936E-01  9.6367103E-01  9.8230694E-01  9.9300905E-01  9.9852560E-01  1.0002006E+00  1.0010933E+00
 -7.6829490E-06  3.4942829E-05  1.1178536E-04  1.4121364E-04  1.5926781E-04  1.4304915E-04 -4.3599800E-05 -1.7719158E-04 -3.6487463E-04 -4.2062187E-04 -2.4220662E-04  1.2483451E-04  2.6792378E-04  1.9821465E-04  6.1460382E-05 -3.6967904E-05 -2.0878636E-06  2.5709128E-05
0.64395  4.8236265E-05
  9.9957876E-01  9.9855569E-01  9.9456371E-01  9.8711135E-01  9.7303914E-01  9.5399200E-01  9.3132399E-01  9.1120363E-01  8.9834505E-01  9.0018056E-01  9.1618858E-01  9.3907725E-01  9.6363091E-01  9.8145438E-01  9.9293884E-01  9.9811436E-01  9.9983954E-01  1.0007322E+00
  4.7955869E-06  1.5776329E-05 -5.2293883E-05  1.5228686E-04  1.0906720E-04  6.2339018E-05 -6.7017053E-05 -6.1675026E-05 -1.7805417E-04 -3.2840522E-04 -2.6775327E-04 -9.5423272E-05  1.5136410E-04  1.9413240E-04  5.8066200E-05 -1.3331996E-05 -3.8834504E-05 -7.7382148E-05
0.64559  4.6575672E-05
  9.9945840E-01  9.9841527E-01  9.9423272E-01  9.8642931E-01  9.7248748E-01  9.5301908E-01  9.3045137E-01  9.1026080E-01  8.9811436E-01  8.9927785E-01  9.1574726E-01  9.3872620E-01  9.6322971E-01  9.8143432E-01  9.9249751E-01  9.9795388E-01  9.9967906E-01  1.0004113E+00
  4.8077233E-06  3.8517553E-05  1.8398195E-05  7.4414244E-06  2.0235708E-04  5.1830493E-05 -6.7615849E-05 -1.5186560E-04 -1.3593782E-04 -2.1621866E-04 -2.5620863E-04  4.1283852E-06  2.2053160E-04  2.7304915E-04  1.0370111E-04  3.6368105E-05  2.4722167E-05  1.4980943E-05
0.66125  4.0560293E-05
  1.0003210E+00  9.9900704E-01  9.9479440E-01  9.8733202E-01  9.7252760E-01  9.5361085E-01  9.3083252E-01  9.1108327E-01  8.9921767E-01  9.0183553E-01  9.1652961E-01  9.3959882E-01  9.6358076E-01  9.8206622E-01  9.9323974E-01  9.9855569E-01  1.0002407E+00  1.0015146E+00
 -4.1396189E-05  2.5583752E-05  3.4292879E-05  9.5320965E-05 -1.6585758E-05 -6.6618858E-05 -1.0621866E-04  2.6126380E-05  2.0855567E-05 -6.1455367E-05 -8.6499500E-05 -2.3587764E-05  8.6917755E-05  1.2247743E-04  8.6122369E-05 -4.1620863E-05 -1.2244734E-05  5.2357072E-05
0.66837  4.0816172E-05
  9.9824476E-01  9.9752259E-01  9.9337013E-01  9.8595789E-01  9.7171517E-01  9.5266802E-01  9.3044134E-01  9.1046140E-01  8.9807424E-01  8.9988969E-01  9.1548648E-01  9.3797394E-01  9.6214646E-01  9.8008026E-01  9.9160484E-01  9.9691075E-01  9.9864596E-01  9.9952861E-01
  4.4944835E-05  6.2022068E-05 -2.1930793E-05  7.0319961E-05 -6.5586762E-05 -1.7032097E-04 -1.1591776E-04  5.5030091E-05  1.1936811E-04  3.9954865E-05 -2.9371114E-05 -3.5047142E-05  5.3022067E-05  1.2640923E-04  8.3197595E-06 -2.0737212E-05 -7.0724174E-05 -9.2154465E-05
0.67151  3.8052993E-05
  1.0001505E+00  9.9866602E-01  9.9465398E-01  9.8653964E-01  9.7226682E-01  9.5279842E-01  9.2995990E-01  9.1070213E-01  8.9916752E-01  9.0188568E-01  9.1649952E-01  9.4025077E-01  9.6364094E-01  9.8225679E-01  9.9312941E-01  9.9855569E-01  1.0004012E+00  1.0013340E+00
  3.3497493E-05 -8.3186561E-05  3.9268807E-05 -4.8384153E-06 -1.1852558E-04 -1.7788365E-04 -2.0935808E-04  7.0378136E-05  2.0689068E-04  1.5598797E-04  3.0685056E-05 -7.7414244E-05  6.4799400E-05  6.2505518E-05  4.7276831E-05 -2.9629890E-05 -7.7438317E-05  6.9200603E-05
0.68548  5.3862199E-05
  1.0003611E+00  9.9854566E-01  9.9473422E-01  9.8698096E-01  9.7244736E-01  9.5340022E-01  9.3083252E-01  9.1091276E-01  8.9967906E-01  9.0186562E-01  9.1635910E-01  9.3892680E-01  9.6328989E-01  9.8128387E-01  9.9297896E-01  9.9829491E-01  1.0002207E+00  1.0012738E+00
  6.4300904E-05 -2.4786360E-05  2.1109328E-05 -6.3522569E-06 -1.2097292E-04 -2.5744233E-04 -2.7129389E-04 -1.4667001E-05  1.6471415E-04  2.1041124E-04  7.0203612E-06  1.0853561E-04  1.2631896E-04  8.6927785E-05  3.5011034E-05 -3.6141425E-05  1.4354062E-05 -2.7417252E-05
0.69265  4.4904659E-05
  9.9865599E-01  9.9778337E-01  9.9370112E-01  9.8618859E-01  9.7195589E-01  9.5275829E-01  9.3035107E-01  9.1050152E-01  8.9801406E-01  8.9966903E-01  9.1534606E-01  9.3775328E-01  9.6187565E-01  9.7996993E-01  9.9157475E-01  9.9706120E-01  9.9876632E-01  9.9963894E-01
  4.3188567E-06 -8.6053161E-05  1.4650953E-05 -4.3116350E-05 -1.4816450E-04 -3.9879640E-04 -3.1308927E-04 -5.8628888E-05  2.8815447E-04  3.0415246E-04  2.0259780E-04  7.2053161E-05  1.6703110E-05  7.1012038E-05  5.2326982E-05 -2.5356069E-05  8.5436311E-06 -2.8618857E-05
0.71596  4.8886382E-05
  9.9818457E-01  9.9736211E-01  9.9336010E-01  9.8492480E-01  9.7167505E-01  9.5135408E-01  9.2960885E-01  9.0940824E-01  8.9807424E-01  8.9950854E-01  9.1562690E-01  9.3683051E-01  9.6087264E-01  9.7877635E-01  9.9085258E-01  9.9574726E-01  9.9861587E-01  9.9864596E-01
  7.2381145E-05  7.7113342E-05 -1.3659980E-05 -7.5258778E-05 -3.2532598E-04 -4.8938817E-04 -5.4120362E-04 -1.3827483E-04  3.1911736E-04  4.2222669E-04  2.4762287E-04  1.4865597E-04  1.2210632E-04  7.1699099E-05  2.5024073E-05 -1.2323972E-05 -1.4681043E-05  6.7832499E-05
0.71700  5.1046585E-05
  9.9882650E-01  9.9789370E-01  9.9372118E-01  9.8618859E-01  9.7170514E-01  9.5245739E-01  9.2979942E-01  9.1038116E-01  8.9804415E-01  9.0038116E-01  9.1579741E-01  9.3802409E-01  9.6181547E-01  9.7979942E-01  9.9160484E-01  9.9709129E-01  9.9886662E-01  9.9966903E-01
 -7.5175528E-05  1.6949850E-05  9.4433302E-05 -3.3254765E-05 -2.1282849E-04 -4.9392178E-04 -5.1863592E-04 -2.2052157E-04  1.9414243E-04  4.3909730E-04  3.6003010E-04  1.9893681E-04  1.1789368E-04  9.0570714E-05 -2.1566701E-05 -2.2863591E-05 -1.7309930E-05  2.5452358E-05
0.73989  1.3300652E-05
  9.9955619E-01  9.9815927E-01  9.9438468E-01  9.8599066E-01  9.7242692E-01  9.5182579E-01  9.3027649E-01  9.0991007E-01  8.9829336E-01  9.0081418E-01  9.1645145E-01  9.3900648E-01  9.6248984E-01  9.8051416E-01  9.9231520E-01  9.9772114E-01  1.0000103E+00  1.0006377E+00
  2.1559591E-05  2.4771500E-05  8.4437636E-05  7.7273969E-05 -1.3976190E-04 -6.3973028E-04 -9.3169314E-04 -6.7711785E-04 -2.5830639E-05  4.5780564E-04  6.1607744E-04  5.2713898E-04  3.1081917E-04  1.5212415E-04  5.2921163E-05  3.6597275E-05 -2.2590611E-05  2.6130672E-05
0.74031  4.5154241E-05
  9.9871617E-01  9.9730193E-01  9.9323974E-01  9.8573723E-01  9.7090273E-01  9.5169511E-01  9.2885659E-01  9.0956873E-01  8.9746241E-01  9.0104315E-01  9.1472419E-01  9.3834505E-01  9.6063192E-01  9.7938819E-01  9.9055168E-01  9.9660985E-01  9.9827485E-01  9.9944837E-01
  5.4660984E-05  3.2692077E-05  9.3360082E-05  3.5655969E-05 -2.0900703E-04 -6.0389169E-04 -7.4534605E-04 -4.4918757E-04  1.1372117E-05  5.1424274E-04  5.8325979E-04  3.5605818E-04  1.9695086E-04  5.9459379E-05  3.4750251E-05  3.1272819E-05 -3.0113341E-05  3.7520562E-05
0.74143  4.5749527E-05
  9.9852560E-01  9.9752259E-01  9.9354064E-01  9.8570714E-01  9.7156471E-01  9.5197595E-01  9.2977936E-01  9.0971918E-01  8.9843532E-01  8.9989972E-01  9.1611837E-01  9.3781346E-01  9.6127384E-01  9.7964897E-01  9.9090273E-01  9.9675027E-01  9.9870614E-01  9.9919761E-01
 -3.7156470E-05  1.3411234E-05  3.0826480E-05  9.9673021E-05 -8.9073222E-05 -6.3977935E-04 -8.2951857E-04 -6.2863592E-04 -7.6898698E-05  4.9059179E-04  5.4168507E-04  5.0192579E-04  2.7111335E-04  1.4931796E-04  4.6963893E-05  3.1346039E-05 -1.6056169E-05 -3.3740221E-05
0.76571  4.2629166E-05
  9.9861587E-01  9.9762289E-01  9.9356070E-01  9.8595789E-01  9.7143432E-01  9.5200604E-01  9.2909731E-01  9.0973924E-01  8.9791376E-01  9.0037113E-01  9.1610834E-01  9.3800403E-01  9.6154465E-01  9.7933803E-01  9.9112339E-01  9.9673021E-01  9.9879641E-01  9.9955870E-01
  1.5670010E-04  1.0337011E-04  4.8297895E-05  2.4888667E-04  1.6682046E-05 -5.0927784E-04 -9.6581747E-04 -9.1996993E-04 -3.0973922E-04  2.6083250E-04  5.9783351E-04  6.8881646E-04  5.2069209E-04  2.3517553E-04  9.3962891E-05  6.5767303E-05 -1.2420261E-05 -3.5106320E-05
0.82030  3.6610499E-05
  9.9911737E-01  9.9796391E-01  9.9390173E-01  9.8577735E-01  9.7147444E-01  9.5109330E-01  9.2853563E-01  9.0851557E-01  8.9742229E-01  9.0080243E-01  9.1580744E-01  9.3910734E-01  9.6156471E-01  9.7973924E-01  9.9142429E-01  9.9689069E-01  9.9912740E-01  1.0000101E+00
  8.1527584E-05 -3.0874625E-05  6.1171516E-05  2.1217653E-04  3.0497493E-04 -1.0389168E-04 -7.7372118E-04 -1.3342026E-03 -1.1168506E-03 -4.4173521E-04  2.9781345E-04  7.9638918E-04  9.9023071E-04  6.8151456E-04  2.5539619E-04  1.0446339E-04  1.1562688E-05  3.9127383E-05
0.83768  8.7339799E-05
  9.9835509E-01  9.9710132E-01  9.9344034E-01  9.8495489E-01  9.7169511E-01  9.5142429E-01  9.2924776E-01  9.0930794E-01  8.9786361E-01  8.9992981E-01  9.1580744E-01  9.3723171E-01  9.6041125E-01  9.7827485E-01  9.8968909E-01  9.9558678E-01  9.9843533E-01  9.9868608E-01
  6.3477434E-05 -1.7616851E-04  9.6150453E-05  4.1718155E-04  4.9317955E-04  1.2077232E-04 -6.4910734E-04 -1.4047142E-03 -1.6092277E-03 -8.8826481E-04  4.9500503E-05  7.6559681E-04  9.9516552E-04  9.2952861E-04  4.8421265E-04  2.7575728E-04 -5.7574725E-05  5.4541626E-05
0.84397  6.8250809E-05
  9.9929791E-01  9.9782349E-01  9.9381146E-01  9.8557675E-01  9.7124375E-01  9.5106321E-01  9.2831496E-01  9.0856572E-01  8.9745238E-01  9.0057173E-01  9.1547645E-01  9.3959882E-01  9.6106321E-01  9.8006020E-01  9.9105318E-01  9.9680042E-01  9.9933804E-01  9.9980945E-01
  1.4924775E-04  1.9151455E-06  1.3587764E-04  2.5413240E-04  4.1180542E-04 -1.0809429E-05 -5.7311937E-04 -1.2350050E-03 -1.4339017E-03 -8.3862590E-04 -1.2137412E-04  7.9100303E-04  9.1725177E-04  6.9758276E-04  4.4007022E-04  1.7750251E-04  4.5859580E-05  4.5547644E-05
0.86205  3.9992071E-05
  9.9881102E-01  9.9751953E-01  9.9353004E-01  9.8589510E-01  9.7180068E-01  9.5282139E-01  9.3054648E-01  9.1098602E-01  8.9789804E-01  9.0152679E-01  9.1503352E-01  9.3811059E-01  9.6021592E-01  9.7846538E-01  9.8969825E-01  9.9630242E-01  9.9803706E-01  9.9980579E-01
  8.8430479E-05  7.1323314E-05  1.7715680E-04  2.2604205E-04  4.1181026E-04  3.2420673E-04 -3.0098943E-04 -1.2078965E-03 -1.5670583E-03 -1.1363007E-03 -3.2828348E-04  5.2396262E-04  9.9933360E-04  9.5362649E-04  6.5759904E-04  2.5706227E-04  1.2855866E-04  3.1423862E-05
0.86848  6.9172463E-05
  9.9868608E-01  9.9672018E-01  9.9310935E-01  9.8470413E-01  9.7035107E-01  9.5036110E-01  9.2759280E-01  9.0817454E-01  8.9699099E-01  8.9980945E-01  9.1577735E-01  9.3822469E-01  9.6088267E-01  9.7922770E-01  9.9019059E-01  9.9603814E-01  9.9842530E-01  9.9884656E-01
 -3.9096290E-05 -3.0191575E-06  1.0049148E-04  1.3312939E-04  4.6927784E-04  3.3614845E-04 -3.1722167E-04 -1.1366099E-03 -1.4495487E-03 -1.2427282E-03 -3.3564695E-04  4.0175527E-04  9.0779340E-04  7.5359079E-04  6.2037113E-04  2.0000000E-04  2.8237714E-05  1.3792377E-04
0.96082  4.5746295E-05
  9.9942831E-01  9.9751256E-01  9.9393182E-01  9.8583753E-01  9.7128387E-01  9.5222670E-01  9.2952861E-01  9.1010032E-01  8.9941827E-01  9.0076231E-01  9.1630895E-01  9.3831496E-01  9.6082249E-01  9.7887665E-01  9.9068207E-01  9.9643934E-01  9.9894686E-01  1.0001104E+00
 -2.2822468E-05  1.4072217E-05  2.5659980E-04  4.5568707E-04  6.2915749E-04  6.8219660E-04  4.6450352E-04 -1.3546640E-04 -7.4353061E-04 -9.3391175E-04 -8.4062188E-04 -3.9761285E-04 -1.0206620E-04  1.9086259E-04  1.3694083E-04  1.1769308E-05  7.3052158E-05 -9.8892680E-06
0.96696  3.9278389E-05
  9.9908505E-01  9.9779225E-01  9.9368193E-01  9.8583632E-01  9.7145396E-01  9.5208459E-01  9.2929071E-01  9.1025541E-01  8.9935500E-01  9.0182545E-01  9.1574514E-01  9.3803976E-01  9.6074556E-01  9.7910296E-01  9.9073993E-01  9.9688844E-01  9.9920781E-01  1.0003436E+00
  4.0544103E-07  1.9251794E-05  2.7575438E-04  3.6799197E-04  5.1272986E-04  6.5945211E-04  5.1057020E-04 -1.0232993E-04 -6.7898008E-04 -9.4464335E-04 -8.0331921E-04 -3.9437490E-04 -1.1067770E-04  4.4422951E-05  1.7029469E-04  9.3235472E-05  1.8689621E-06  7.6656718E-05
